249.84
210.159
169.859
132.831
111.99
90.919
73.582
60.879
54.278
44.719
38.143
33.687
29.863
24.813
20.831
19.883
17.609
14.058
13.493
11.046
8.909
8.49
6.902
6.144
5.447
4.363
3.666
3.025
2.775
237.848
220.353
164.271
131.539
108.787
93.652
74.032
61.384
54.503
45.727
39.239
33.861
29.674
24.774
21.921
19.219
16.902
15.703
11.816
11.561
9.655
8.416
7.203
6.551
4.976
4.528
3.412
3.122
2.611
249.26
189.584
170.891
136.593
109.584
83.052
78.273
65.725
55.945
47.52
39.962
33.644
28.421
25.017
23.438
19.1
17.019
14.41
12.519
10.841
9.222
7.832
7.046
6.258
4.956
4.208
3.478
3.217
2.588
264.251
185.207
177.565
130.975
111.278
90.487
77.536
59.238
49.848
45.103
35.651
34.176
30.75
26.089
21.859
18.782
16.72
14.633
12.544
10.764
9.283
8.918
7.353
6.457
5.33
4.449
3.652
3.105
2.332
399.086
351.954
268.572
206.243
185.575
150.154
124.715
107.296
96.644
81.136
69.987
58.328
51.051
47.72
42.711
36.521
32.759
30.455
26.3
23.918
21.618
18.278
16.501
15.409
13.858
11.409
10.302
9.447
8.135
401.905
349.016
279.211
202.799
183.984
145.744
129.298
105.228
95.671
72.506
65.786
59.741
54.931
46.899
43.169
34.692
34.172
28.833
24.277
22.675
21.643
18.956
15.716
15.021
14.195
10.879
10.622
9.227
8.566
389.436
326.26
264.514
222.569
177.209
148.864
131.528
109.547
90.934
85.335
67.738
55.598
52.653
45.874
41.933
34.683
33.523
29.318
24.794
23.467
21.437
16.863
16.154
14.396
13.353
11.711
11.247
9.023
8.074
390.74
325.723
272.155
207.962
185.449
143.509
134.802
104.993
86.407
78.126
73.426
63.119
53.129
50.29
42.534
35.483
33.186
29.356
26.188
22.726
20.204
18.633
16.678
15.119
13.556
12.112
10.723
9.382
8.463
552.503
488.082
399.035
311.952
262.381
224.268
184.276
167.307
139.111
126.853
102.111
94.314
83.914
73.641
66.845
58.933
53.343
43.699
42.391
40.263
36.527
32.075
28.598
27.595
25.671
22.194
19.559
18.529
16.767
553.841
456.763
396.125
338.496
269.54
225.848
183.266
158.276
151.21
117.021
112.03
97.196
88.013
77.124
64.945
61.703
51.576
50.47
45.641
38.821
35.886
30.844
29.198
27.216
23.883
23.101
20.129
19.2
16.501
585.205
477.345
378.299
325.167
265.096
220.609
184.099
152.686
135.297
126.217
113.04
90.196
85.949
74.982
66.122
58.227
53.692
49.848
43.345
39.565
35.394
32.641
29.844
26.273
25.442
21.306
20.419
18.14
16.89
597.25
446.012
390.438
304.379
258.348
220.018
184.223
161.163
151.124
121.999
114.033
96.893
84.204
71.431
61.057
64.595
53.155
47.69
43.383
37.842
35.254
35.144
30.221
26.706
23.988
22.535
20.306
17.982
16.02
528.096
485.765
376.717
321.553
248.48
215.759
185.525
158.251
138.968
118.202
111.88
93.174
84.165
74.117
67.769
60.388
49.959
46.546
41.656
41.535
35.577
31.751
29.434
26.023
24.639
21.749
20.536
18.575
16.58
15.143
13.815
12.629
10.647
9.688
9.412
8.154
7.301
6.513
6.376
5.321
4.803
4.321
4.03
3.461
2.752
2.585
2.171
1.852
1.557
