3.454
4.817
5.524
5.291
4.784
4.543
4.086
3.808
3.385
3.048
2.975
2.458
2.191
2.019
1.905
1.668
1.406
1.302
1.148
3.497
5.018
5.103
5.059
5.075
4.537
4.069
3.626
3.524
2.921
2.765
2.496
2.228
2.052
1.798
1.66
1.548
1.358
1.272
3.571
4.585
5.086
4.967
4.796
4.528
4.25
3.882
3.49
2.905
2.84
2.402
2.326
2.131
1.787
1.528
1.488
1.272
1.179
3.413
4.83
5.608
5.139
4.938
4.472
4.228
3.494
3.351
3.031
2.797
2.496
2.18
1.983
1.728
1.635
1.477
1.39
1.139
8.454
12.594
14.928
15.379
14.778
14.705
13.503
12.938
12.063
11.777
10.987
10.328
9.744
8.965
8.769
8.219
7.636
7.061
6.611
6.422
6.267
5.862
5.501
5.12
4.872
4.416
4.092
4.04
3.767
8.045
12.32
14.768
14.908
15.697
13.464
13.93
13.293
12.197
11.792
11.355
10.146
10.202
9.115
8.26
8.22
7.692
7.099
6.717
6.438
5.984
5.559
5.253
5.282
4.827
4.512
4.358
4.076
3.729
4.992
7.134
7.94
7.58
8.057
7.224
6.721
6.366
5.683
5.19
4.85
4.395
4.158
3.721
3.514
3.324
3.028
2.794
2.511
2.401
2.058
2.041
1.776
1.653
1.526
1.452
1.244
1.176
1.088
4.785
6.716
7.801
8.157
7.845
7.329
6.964
6.081
5.633
5.324
4.973
4.29
4.205
3.87
3.471
3.074
3.044
2.657
2.449
2.321
2.155
1.868
1.712
1.67
1.586
1.353
1.249
1.209
0.997
4.539
6.746
7.452
7.466
7.591
7.294
6.881
6.072
5.994
5.307
4.855
4.436
4.03
3.794
3.375
3.203
3.003
2.579
2.565
2.329
2.044
1.931
1.794
1.599
1.516
1.4
1.263
1.166
1.127
