0.0408163
0.0612245
0.0816327
0.102041
0.122449
0.142857
0.163265
0.183673
0.204082
0.22449
0.244898
0.265306
0.285714
0.306122
0.326531
0.346939
0.367347
0.387755
0.408163
0.0408163
0.0612245
0.0816327
0.102041
0.122449
0.142857
0.163265
0.183673
0.204082
0.22449
0.244898
0.265306
0.285714
0.306122
0.326531
0.346939
0.367347
0.387755
0.408163
0.0408163
0.0612245
0.0816327
0.102041
0.122449
0.142857
0.163265
0.183673
0.204082
0.22449
0.244898
0.265306
0.285714
0.306122
0.326531
0.346939
0.367347
0.387755
0.408163
0.0408163
0.0612245
0.0816327
0.102041
0.122449
0.142857
0.163265
0.183673
0.204082
0.22449
0.244898
0.265306
0.285714
0.306122
0.326531
0.346939
0.367347
0.387755
0.408163
0.02
0.03
0.04
0.05
0.06
0.07
0.08
0.09
0.1
0.11
0.12
0.13
0.14
0.15
0.16
0.17
0.18
0.19
0.2
0.21
0.22
0.23
0.24
0.25
0.26
0.27
0.28
0.29
0.3
0.02
0.03
0.04
0.05
0.06
0.07
0.08
0.09
0.1
0.11
0.12
0.13
0.14
0.15
0.16
0.17
0.18
0.19
0.2
0.21
0.22
0.23
0.24
0.25
0.26
0.27
0.28
0.29
0.3
0.03125
0.046875
0.0625
0.078125
0.09375
0.109375
0.125
0.140625
0.15625
0.171875
0.1875
0.203125
0.21875
0.234375
0.25
0.265625
0.28125
0.296875
0.3125
0.328125
0.34375
0.359375
0.375
0.390625
0.40625
0.421875
0.4375
0.453125
0.46875
0.03125
0.046875
0.0625
0.078125
0.09375
0.109375
0.125
0.140625
0.15625
0.171875
0.1875
0.203125
0.21875
0.234375
0.25
0.265625
0.28125
0.296875
0.3125
0.328125
0.34375
0.359375
0.375
0.390625
0.40625
0.421875
0.4375
0.453125
0.46875
0.03125
0.046875
0.0625
0.078125
0.09375
0.109375
0.125
0.140625
0.15625
0.171875
0.1875
0.203125
0.21875
0.234375
0.25
0.265625
0.28125
0.296875
0.3125
0.328125
0.34375
0.359375
0.375
0.390625
0.40625
0.421875
0.4375
0.453125
0.46875
